,label,attack_time,lat,slope,ste,zcr,length_of_low,length_of_high
1,step,102,2.0086001717619175,69054.39070159313,181315.52207645643,885,3395,9405
2,step,94,1.9731278535996986,24093.1396484375,67349.59031819407,911,3711,9089
3,step,90,1.954242509439325,46122.50434027778,89755.65761881007,977,3591,9209
4,step,59,1.7708520116421442,27877.722788665254,42059.59103466689,964,4169,8631
5,step,85,1.9294189257142926,19023.759191176472,46851.307229884456,1001,3982,8818
6,step,19,1.2787536009528289,410509.3544407895,91192.21252031584,1147,3839,8961
7,step,69,1.8388490907372552,68766.13451086957,72159.88422566124,1040,3774,9026
8,step,233,2.367355921026019,8032.706985146191,44622.60433068347,1124,3936,8864
9,step,92,1.9637878273455553,24404.172150985054,77698.11678565425,774,3761,9039
10,step,102,2.0086001717619175,69054.39070159313,182501.10318189886,840,3235,9565
11,step,108,2.03342375548695,40626.017252604164,116029.12575030352,844,3380,9420
12,step,43,1.6334684555795864,62390.51144622093,56325.34051451812,1023,3806,8994
13,step,97,1.9867717342662448,21499.40600837629,62398.7130409078,743,3189,9611
14,step,79,1.8976270912904414,19048.30430429193,57439.35889945897,812,3691,9109
15,step,91,1.9590413923210936,18768.45944582761,75183.04498203778,771,2947,9853
16,step,80,1.9030899869919435,161431.55517578125,1089682.5400939093,755,2712,10088
17,step,74,1.8692317197309762,45428.80991342905,185861.96993796842,1009,3082,9718
18,step,22,1.3424226808222062,92595.23703835228,111178.59789901924,706,2989,9811
19,step,74,1.8692317197309762,30432.666675464527,48118.77418115163,935,3955,8845
20,step,136,2.1335389083702174,13190.10207232307,67402.32010675968,852,3276,9524
21,step,12,1.0791812460476249,572718.994140625,72927.39949070784,1022,3089,9711
22,step,125,2.0969100130080562,45700.30859375,240896.4757744119,684,3175,9625
23,step,30,1.4771212547196624,462547.8515625,293023.60799604194,1025,3179,9621
24,step,47,1.6720978579357175,247712.16339760637,218523.962735595,1044,2993,9807
25,step,106,2.0253058652647704,27099.289228331367,111191.93326213479,911,3627,9173
26,step,138,2.1398790864012365,27487.554135529892,149259.89614157754,670,3009,9791
27,step,42,1.6232492903979006,187183.22172619047,137260.43948410492,897,3132,9668
28,step,93,1.968482948553935,39232.28011592742,139162.02011563405,770,3586,9214
29,step,105,2.0211892990699383,32081.04073660714,133430.33153141645,737,3433,9367
30,step,86,1.9344984512435677,13443.26285428779,65570.795357731,750,3451,9349
31,step,95,1.9777236052888478,22311.986019736843,78244.79280291851,596,3458,9342
32,step,129,2.110589710299249,12626.064566678779,68280.95288317425,753,3737,9063
33,step,67,1.8260748027008264,203793.62465018657,1097232.6729203623,783,2904,9896
34,step,69,1.8388490907372552,28996.068982110508,65535.40723229229,706,3544,9256
35,step,151,2.1789769472931693,17395.73578487169,106361.7818474435,821,3835,8965
36,step,129,2.110589710299249,20550.96672117248,119154.37698656785,931,3848,8952
37,step,96,1.9822712330395684,29026.06201171875,111752.17727097105,622,3045,9755
38,step,73,1.863322860120456,24127.76915667808,62555.580798121504,778,3920,8880
39,step,200,2.3010299956639813,7204.2938232421875,72401.92972831585,706,3277,9523
40,step,245,2.3891660843645326,11992.719626913266,150170.43799850246,584,2660,10140
41,step,75,1.8750612633917,10489.938151041666,46337.876987270654,786,3503,9297
42,step,61,1.7853298350107671,39456.59900102459,106333.50130277833,672,2959,9841
43,step,115,2.060697840353612,23622.590438179348,60454.77277831659,777,3320,9480
44,step,87,1.9395192526186185,47171.56070402299,153148.06492591574,630,3098,9702
45,step,64,1.806179973983887,115303.35235595703,1595807.3575363336,821,853,11947
46,step,124,2.093421685162235,151734.35924899194,1511055.4363395697,842,809,11991
47,step,117,2.0681858617461617,49009.52774439102,1580703.3581053542,718,733,12067
48,step,150,2.1760912590556813,26118.45703125,783346.850496076,697,797,12003
49,step,72,1.8573324964312685,65952.2705078125,784196.2185697954,758,941,11859
50,step,50,1.6989700043360187,178865.2734375,1378906.8823414124,877,807,11993
51,step,65,1.8129133566428555,228312.00420673078,1756745.5488820523,768,807,11993
52,step,68,1.8325089127062364,93907.62149586398,1029885.8656937693,816,776,12024
53,step,102,2.0086001717619175,61167.71982230392,1476019.8881059405,687,743,12057
54,step,33,1.5185139398778875,121188.45436789772,876086.1994657245,770,923,11873
55,step,265,2.423245873936808,20377.990492334906,794382.0924013454,697,850,11950
56,step,32,1.505149978319906,200826.3702392578,743934.7465235409,771,915,11885
57,step,185,2.2671717284030137,13956.649862753378,583600.0346002729,783,952,11848
58,step,73,1.863322860120456,67280.34032534246,791254.6608668067,702,903,11897
59,step,109,2.037426497940624,101028.49949827982,1317934.397183234,674,797,12003
60,step,77,1.8864907251724818,166285.9298904221,1603917.3673975503,700,819,11981
61,step,58,1.7634279935629373,140151.0220231681,1135303.7363234395,802,923,11877
62,step,72,1.8573324964312685,88124.91183810764,1004761.6859187613,831,879,11921
63,step,72,1.8573324964312685,98871.84651692708,1064293.4656331688,707,827,11973
64,step,48,1.6812412373755872,162391.91691080728,1117489.2527124805,836,895,11905
65,step,108,2.03342375548695,47286.5306712963,922146.7913634044,849,945,11855
66,step,99,1.99563519459755,65407.22163036616,1030213.984965606,692,875,11925
67,step,80,1.9030899869919435,78599.7314453125,1091574.1288519707,700,795,12005
68,step,58,1.7634279935629373,155738.9715786638,1111162.058845032,776,863,11937
69,step,95,1.9777236052888478,58044.20230263158,1225956.3083440887,727,792,12008
70,step,60,1.7781512503836436,107378.90625,1273904.84249671,662,742,12058
71,step,92,1.9637878273455553,50198.29526154891,1049430.4884387194,587,773,12027
72,step,338,2.5289167002776547,10530.729937130178,941027.5196395577,650,852,11948
73,step,35,1.5440680443502757,122175.73939732143,761821.665027479,814,889,11911
74,step,210,2.322219294733919,21875.27901785714,963509.357963441,730,928,11872
75,step,68,1.8325089127062364,175717.47185202205,1664648.375898875,753,960,11840
76,step,97,1.9867717342662448,51725.263772551545,1043597.4340190968,862,925,11875
77,step,23,1.3617278360175928,628585.3430706522,1309757.441578908,817,858,11942
78,step,94,1.9731278535996986,75298.38139960106,1003113.0814404105,735,850,11950
79,step,60,1.7781512503836436,144031.62434895834,1347307.271942949,643,834,11966
80,step,102,2.0086001717619175,35934.04373468137,1036867.9751237957,803,891,11909
81,step,64,1.806179973983887,72414.58129882812,919082.5698556829,711,816,11984
82,step,115,2.060697840353612,24081.016474184784,651769.5197394884,713,977,11823
83,step,114,2.0569048513364727,64088.68301123904,986971.0784778983,672,859,11941
84,step,132,2.12057393120585,51955.54421164773,1298146.4285123693,766,902,11898
85,step,100,2.0,114275.0390625,1908491.7197280938,753,830,11970
86,step,115,2.060697840353612,42425.084918478264,816620.2567595034,774,880,11920
87,step,191,2.2810333672477277,39062.12164594241,954917.7440373574,723,907,11893
88,step,78,1.8920946026904804,163840.8203125,1549378.651854205,758,855,11945
89,step,24,1.380211241711606,356345.947265625,1769085.5557402808,627,751,12049
90,step,530,2.724275869600789,6008.895010318396,879962.7231039681,745,892,11908
91,step,80,1.9030899869919435,83792.19970703125,1100218.3420167826,637,761,12039
92,step,67,1.8260748027008264,261614.1266324627,2046946.7687363527,773,956,11844
93,step,89,1.9493900066449128,152010.4130091292,1770725.4269230252,765,861,11939
94,step,60,1.7781512503836436,180820.10091145834,2324328.265950026,621,686,12114
95,step,92,1.9637878273455553,57015.349014945656,1186811.0247931147,681,735,12065
96,step,115,2.060697840353612,65231.22452445652,1108262.1364707982,678,786,12010
97,step,82,1.9138138523837167,58405.97013147866,869981.3704351805,654,816,11984
98,step,64,1.806179973983887,156028.6102294922,1207857.4852272905,726,841,11959
99,step,90,1.954242509439325,60454.37282986111,1169871.0282833194,585,709,12091
100,step,87,1.9395192526186185,114311.55711206897,1164045.7643115434,626,833,11967
101,step,175,2.2430380486862944,57666.947544642855,1203349.1279570537,716,870,11930
102,step,75,1.8750612633917,119786.5234375,1563627.397165226,648,706,12094
103,step,107,2.0293837776852097,41181.98287821261,888952.3383406922,769,943,11857
104,step,48,1.6812412373755872,77547.66337076823,991341.60695346,725,818,11982
105,step,395,2.59659709562646,17156.15605221519,1035302.0109730357,640,849,11951
106,step,72,1.8573324964312685,94120.57834201389,847059.0258657732,717,967,11833
107,step,65,1.8129133566428555,228813.23617788462,1837163.5949248502,663,866,11934
108,step,223,2.3483048630481607,27284.089913817264,1432018.3460405404,707,837,11963
109,step,89,1.9493900066449128,179831.71304424157,1484748.2179378283,770,923,11877
110,step,64,1.806179973983887,308875.54931640625,3519886.9877104205,638,695,12105
111,step,196,2.292256071356476,17619.902941645407,1012930.1229100222,795,903,11897
112,step,83,1.919078092376074,77623.29983998495,1066683.9767870996,635,803,11997
113,step,66,1.8195439355418688,82190.96235795454,811566.6251550413,711,845,11955
114,step,74,1.8692317197309762,154095.54476351352,1550581.7463826593,573,707,12093
115,step,85,1.9294189257142926,86433.34673713235,1360451.3304325494,689,788,12012
116,step,204,2.3096301674258988,36972.13924632353,2608395.4379848535,608,698,12102
117,step,101,2.0043213737826426,53225.07831837871,832493.8260741389,763,939,11861
118,step,103,2.012837224705172,69984.16641383494,1109178.5018542162,690,840,11960
119,step,73,1.863322860120456,144490.94338613015,1379292.461660134,704,821,11979
120,step,78,1.8920946026904804,101499.8560196314,1673910.0677307171,665,753,12047
121,step,80,1.9030899869919435,90613.67797851562,1037484.7796968318,751,917,11883
122,step,64,1.806179973983887,162010.1318359375,1233967.9863822444,749,843,11957
123,step,80,1.9030899869919435,102627.62451171875,1140478.0013871717,774,916,11884
124,step,99,1.99563519459755,48541.20304608586,821033.0227250569,814,992,11808
125,step,282,2.450249108319361,16087.918328900709,946687.4743863317,750,911,11889
126,step,63,1.7993405494535817,73434.74082341269,953970.460496108,680,858,11942
127,step,66,1.8195439355418688,129086.69211647728,1101597.0220382768,772,889,11911
128,step,68,1.8325089127062364,349997.55859375,3296622.3023742693,721,878,11922
129,step,122,2.0863598306747484,55813.62464779713,1494598.840749959,701,731,12069
130,step,16,1.2041199826559248,449504.9133300781,1041819.7364445281,738,808,11992
131,step,84,1.9242792860618816,83680.68731398809,1013649.3749120283,675,923,11877
132,step,69,1.8388490907372552,208348.01007699277,1585166.0266680503,665,840,11960
133,step,98,1.9912260756924949,84691.89453125,1509257.721644156,742,845,11955
134,step,88,1.9444826721501687,91724.365234375,1059750.8951688863,712,850,11950
135,step,67,1.8260748027008264,108438.57130363806,1298641.6300835882,693,781,12019
136,step,89,1.9493900066449128,178916.54231039327,2571840.2390525057,759,854,11946
137,step,115,2.060697840353612,74580.32438858696,928065.7046554069,781,982,11818
138,step,127,2.103803720955957,57720.82231176181,954553.6406688365,777,936,11864
139,step,82,1.9138138523837167,135982.60051448172,1809093.231639096,688,807,11993
140,step,67,1.8260748027008264,58109.46245335821,806084.348332741,802,927,11873
141,step,74,1.8692317197309762,80790.0852512669,1091949.4749130493,744,804,11996
142,step,103,2.012837224705172,84850.86089199029,1015878.6616208425,733,945,11855
143,step,160,2.2041199826559246,51873.785400390625,1138193.777376774,768,878,11922
144,step,68,1.8325089127062364,177633.96139705883,1830555.8261795759,710,827,11973
145,step,109,2.037426497940624,52457.10740395642,1359486.0818985838,722,767,12033
146,step,128,2.1072099696478683,41679.74853515625,994526.8682459712,703,802,11994
147,step,45,1.6532125137753437,110229.67664930556,901634.6472779469,731,840,11960
148,step,87,1.9395192526186185,82948.43301005747,888256.3974378285,704,889,11911
149,step,79,1.8976270912904414,124031.58376186709,1452428.5582421434,634,781,12019
150,step,143,2.155336037465062,45566.71355987762,1282207.5780988545,766,767,12033
151,step,112,2.0492180226701815,58251.65230887277,1869609.1710754354,664,780,12020
152,step,106,2.0253058652647704,60626.83335790094,1111318.1987021926,684,866,11934
153,step,85,1.9294189257142926,80108.96139705883,1180875.0199544618,659,799,12001
154,step,91,1.9590413923210936,62922.74961366758,1188227.750303307,693,805,11995
155,step,223,2.3483048630481607,21330.53356221973,1204590.7192728415,602,729,12071
156,step,223,2.3483048630481607,17422.370944857063,939561.675472795,763,886,11914
157,step,127,2.103803720955957,36748.92347440945,986297.5946597572,685,962,11838
158,step,98,1.9912260756924949,42803.06321747449,1136255.1386397448,547,774,12026
159,step,81,1.9084850188786497,102265.625,1334644.8478395585,676,769,12031
160,step,86,1.9344984512435677,84102.37440952034,1244306.7515780039,715,749,12051
161,step,60,1.7781512503836436,98283.60188802083,1179478.5931173293,725,833,11967
162,step,65,1.8129133566428555,164655.30348557694,1433704.4163076715,685,875,11925
163,step,134,2.1271047983648077,48566.3770988806,1437950.60797831,679,723,12077
164,step,158,2.1986570869544226,24692.90199762658,822726.5279054674,777,924,11876
165,step,90,1.954242509439325,63802.891710069445,990300.6396107257,614,797,12003
166,step,385,2.5854607295085006,22120.954241071428,3040744.6800442166,613,564,12236
167,step,131,2.1172712956557644,46093.93263955152,1220907.3831404306,897,854,11946
168,step,193,2.285557309007774,19057.283233484457,930500.87745658,843,905,11895
169,step,66,1.8195439355418688,171505.53385416666,1794732.6495014688,810,812,11988
170,step,75,1.8750612633917,333844.21875,3661290.269745226,848,803,11997
171,step,70,1.845098040014257,310204.2410714286,4368355.83055424,677,635,12165
172,step,49,1.6901960800285136,230606.0467155612,2595530.216924361,679,569,12231
173,step,45,1.6532125137753437,166091.64496527778,1179493.0273966866,766,748,12052
174,step,82,1.9138138523837167,197167.20655487804,1970036.2369599312,716,748,12052
175,step,162,2.2095150145426308,56153.061101466046,1500592.710232511,780,741,12059
176,step,88,1.9444826721501687,77557.44517933238,1910694.4424450877,657,631,12169
177,step,115,2.060697840353612,74228.14198369565,1867216.5199897664,651,629,12171
178,step,89,1.9493900066449128,76907.01259655898,1252662.2593309653,804,830,11970
179,step,129,2.110589710299249,98496.21487403101,1779743.92695127,735,745,12055
180,step,66,1.8195439355418688,201604.66974431818,2269794.4235415887,728,694,12106
181,step,152,2.1818435879447726,44254.68364514803,2636908.396776287,713,651,12149
182,step,47,1.6720978579357175,161953.301612367,1542429.7993518328,795,689,12111
183,step,118,2.0718820073061255,56589.318226959746,1491676.6516245168,878,799,12001
184,step,70,1.845098040014257,151449.37220982142,1586396.3221828355,697,730,12070
185,step,154,2.187520720836463,50321.33979301948,1380515.8861190989,845,845,11955
186,step,75,1.8750612633917,111849.609375,2130940.473761154,751,669,12131
187,step,69,1.8388490907372552,95493.19944519928,1149371.4685010877,852,902,11898
188,step,171,2.2329961103921536,35714.30121527778,1265872.0743077213,799,880,11920
189,step,180,2.255272505103306,57968.16948784722,2016684.924249978,721,713,12087
190,step,63,1.7993405494535817,105056.08258928571,1146948.0788995023,908,942,11858
191,step,198,2.296665190261531,35960.03245344065,1179113.6454927025,835,873,11927
192,step,62,1.792391689498254,205887.3802923387,1755399.6038132636,819,774,12026
193,step,98,1.9912260756924949,101354.27295918367,2012931.3369097621,618,612,12188
194,step,211,2.3242824552976926,34303.78730376185,1315469.843375738,713,831,11969
195,step,89,1.9493900066449128,75028.53427844102,1337618.503134737,757,817,11983
196,step,72,1.8573324964312685,126890.73350694444,1781875.0699626487,759,755,12045
197,step,262,2.4183012913197452,41289.356959685116,1497887.5448868803,733,855,11945
198,step,76,1.8808135922807914,128105.67434210527,1749331.8689795372,729,804,11996
199,step,102,2.0086001717619175,132860.46645220587,2121326.696186454,778,775,12025
200,step,83,1.919078092376074,96329.46630271085,2189102.746048207,726,706,12094
201,step,168,2.225309281725863,35473.99030412947,1287630.5499369903,705,813,11987
202,step,67,1.8260748027008264,96288.80013992537,1090194.655087057,789,924,11876
203,step,71,1.8512583487190752,140590.0088028169,1708266.100193129,871,857,11943
204,step,342,2.534026106056135,47417.78600146199,3971161.535525063,774,701,12099
205,step,102,2.0086001717619175,67972.88124234069,1413110.2361686013,801,830,11970
206,step,27,1.4313637641589874,217448.92939814815,1365495.1303513143,838,850,11950
207,step,180,2.255272505103306,43216.60698784722,1388625.2656009593,649,693,12107
208,step,78,1.8920946026904804,129107.68479567308,1499732.853189555,779,809,11991
209,step,114,2.0569048513364727,59696.37472587719,1564719.2536962493,775,816,11984
210,step,66,1.8195439355418688,122035.64453125,1592127.0789056728,758,840,11960
211,step,76,1.8808135922807914,251811.72902960525,2313072.2195268627,776,874,11926
212,step,59,1.7708520116421442,309699.4504766949,2575689.429177096,800,854,11946
213,step,53,1.724275869600789,189821.9892393868,1978297.6421424197,730,722,12078
214,step,78,1.8920946026904804,92291.81690705128,1231213.6879038042,716,784,12016
215,step,73,1.863322860120456,79348.57930222603,1122694.1814327706,714,813,11987
216,step,98,1.9912260756924949,91218.83968431123,1653149.9348625618,652,763,12037
217,step,292,2.4653828514484184,21554.79117615582,1451022.3358902528,797,871,11929
218,step,68,1.8325089127062364,217513.21231617648,3087076.09827716,719,699,12101
219,step,159,2.2013971243204513,47440.02739288522,1434948.693350542,713,791,12009
220,step,74,1.8692317197309762,99141.11987964527,1771915.159463448,637,715,12085
221,step,72,1.8573324964312685,151476.6845703125,1821736.897918943,698,748,12052
222,step,232,2.3654879848909,31453.040813577587,1251893.6539433443,732,740,12060
223,step,217,2.3364597338485296,34261.68949812788,1248780.1459795767,750,843,11957
224,step,71,1.8512583487190752,146130.48800616196,1579279.8510568314,760,760,12040
225,step,67,1.8260748027008264,160432.41312966417,1645364.6204245826,765,854,11946
226,step,117,2.0681858617461617,104059.44511217948,1837655.7438291004,843,785,12015
227,step,9,0.9542425094393249,1846676.8663194445,2372516.155733545,724,641,12159
228,step,130,2.113943352306837,37882.966496394234,1061399.4542833217,704,731,12069
229,step,274,2.437750562820388,15411.385863366788,1105948.3707736244,985,748,12052
230,step,81,1.9084850188786497,106431.55623070987,1377539.5587644493,932,838,11962
231,step,124,2.093421685162235,53454.26301033266,1733009.2360446856,621,594,12206
232,step,75,1.8750612633917,107925.4296875,3874303.5981718237,357,406,12394
233,clap,45,1.6532125137753437,382224.4357638889,314793.8396843313,1374,5804,6996
234,clap,45,1.6532125137753437,382224.4357638889,313730.3753313874,1479,6046,6754
235,clap,16,1.2041199826559248,1630511.474609375,549650.2889336351,1839,6240,6560
236,clap,39,1.591064607026499,266160.70713141025,252674.4292226664,1246,7358,5442
237,clap,34,1.5314789170422551,490324.56341911765,418476.113086676,1021,6622,6178
238,clap,26,1.414973347970818,401241.2860576923,219308.41453239162,1000,7082,5718
239,clap,46,1.662757831681574,133907.6511548913,109491.80820926203,960,6318,6482
240,clap,28,1.4471580313422192,181379.2724609375,65086.33134866357,1023,6971,5829
241,clap,19,1.2787536009528289,323233.6040296053,106310.30562822083,1049,6432,6368
242,clap,51,1.7075701760979363,106472.31158088235,89556.77308670244,1091,6559,6241
243,clap,23,1.3617278360175928,268093.98352581525,58794.98486603461,1167,7002,5798
244,clap,31,1.4913616938342726,156059.93258568548,65364.57758412308,1003,6913,5887
245,clap,54,1.7323937598229686,97747.74848090278,40815.38165508612,971,6542,6258
246,clap,25,1.3979400086720377,333986.3671875,91805.79486294664,1176,6878,5922
247,clap,43,1.6334684555795864,97350.40425145348,24476.72527060543,1136,6849,5951
248,clap,27,1.4313637641589874,539953.7760416666,237249.0602820888,1365,5345,7455
249,clap,36,1.5563025007672873,153832.51953125,59353.23153832105,1370,7391,5409
250,clap,40,1.6020599913279623,163902.79541015625,118820.83963472767,1295,6624,6176
251,clap,32,1.505149978319906,524873.9013671875,415575.83928159217,1262,5824,6976
252,clap,28,1.4471580313422192,408251.953125,208074.9096484584,1350,6362,6438
253,clap,39,1.591064607026499,96212.55884415064,39940.53284413171,1089,6723,6077
254,clap,24,1.380211241711606,290964.4775390625,144868.4729270274,1071,6122,6678
255,clap,29,1.462397997898956,283617.9283405172,108676.56762507452,1292,6672,6128
256,clap,54,1.7323937598229686,168025.390625,110335.12012387953,1082,5967,6833
257,clap,62,1.792391689498254,56043.827179939515,34333.0630056921,961,7422,5378
258,clap,78,1.8920946026904804,52212.38669370994,45948.66680068928,949,6663,6137
259,clap,45,1.6532125137753437,134903.125,92935.76126728226,1086,6989,5811
260,clap,27,1.4313637641589874,385496.997974537,121885.86363916312,1250,6730,6070
261,clap,55,1.7403626894942439,93722.96697443182,40601.29794338386,1105,6672,6128
262,clap,28,1.4471580313422192,274602.81808035716,141801.2865749137,1022,6432,6368
263,clap,37,1.568201724066995,187670.6740920608,120834.09263332156,974,6868,5932
264,clap,42,1.6232492903979006,107534.71447172618,68820.56397938548,1090,6009,6791
265,clap,49,1.6901960800285136,106460.61862244898,84864.3299386627,1135,5677,7123
266,clap,48,1.6812412373755872,77142.578125,50959.59076406367,1144,6328,6472
267,clap,23,1.3617278360175928,155178.8913892663,41987.913733944864,1060,6523,6277
268,clap,31,1.4913616938342726,224864.0372983871,140567.761478153,1165,6248,6552
269,clap,29,1.462397997898956,159770.0026939655,76878.7446471821,1106,6182,6618
270,clap,30,1.4771212547196624,155530.6640625,57667.764219805904,1142,6399,6401
271,clap,16,1.2041199826559248,205229.6905517578,30210.863706324482,1012,6728,6072
272,clap,29,1.462397997898956,121135.3549299569,61641.11600294689,1021,6290,6510
273,clap,23,1.3617278360175928,222654.31810461957,90431.87072009954,900,5403,7397
274,clap,44,1.6434526764861874,62446.222478693184,36166.218149095235,1119,6993,5807
275,clap,39,1.591064607026499,163696.76482371794,140189.87758900248,1336,6161,6639
276,clap,23,1.3617278360175928,148631.6661005435,32693.865600346584,1152,6826,5974
277,clap,21,1.3222192947339193,227323.93973214287,47913.62615358543,1190,6818,5982
278,clap,65,1.8129133566428555,98183.48858173077,123075.07405991314,1202,6177,6623
279,clap,31,1.4913616938342726,131119.34538810485,38813.866802209384,1125,7058,5742
280,clap,68,1.8325089127062364,59741.943359375,46313.95127866167,1167,6925,5875
281,clap,50,1.6989700043360187,71314.86328125,49446.57277028329,1076,6614,6186
282,clap,16,1.2041199826559248,383348.2360839844,89210.45389375807,1194,6011,6789
283,clap,8,0.9030899869919435,841006.2255859375,70491.26311528082,1218,6246,6554
284,clap,14,1.146128035678238,902633.3705357143,232262.25028135077,1358,6185,6615
285,clap,14,1.146128035678238,642238.28125,168619.05031457718,1319,6112,6688
286,clap,60,1.7781512503836436,60084.58251953125,43499.645450010765,1088,7104,5696
287,clap,8,0.9030899869919435,1304283.0810546875,67680.1085976236,1299,6404,6396
288,clap,33,1.5185139398778875,268003.6991003788,166982.05863061594,1356,5583,7217
289,clap,30,1.4771212547196624,210559.033203125,98763.23891711935,935,6978,5822
290,clap,24,1.380211241711606,169228.9835611979,54691.12199136112,896,6767,6033
291,clap,26,1.414973347970818,109090.23813100961,41251.500166083344,1168,6681,6119
292,clap,40,1.6020599913279623,36654.473876953125,15529.898675662564,920,7528,5272
293,clap,176,2.24551266781415,13433.457808061079,54884.80676644831,939,5686,7114
294,clap,319,2.503790683057181,4470.765116820141,37549.34228219926,1070,6095,6705
295,clap,63,1.7993405494535817,19764.31710379464,22517.737972535237,1047,6742,6058
296,clap,133,2.123851640967086,8188.969432859492,19473.720643423432,805,6094,6706
297,clap,305,2.484299839346786,3354.5077964907787,22409.81444133965,878,6518,6282
298,clap,442,2.645422269349092,2654.170109675481,24646.18634624184,894,6976,5824
299,clap,155,2.1903316981702914,5239.349168346775,12633.705789270805,1058,7933,4867
300,clap,61,1.7853298350107671,20002.44140625,25378.859173070712,1029,7668,5132
301,clap,203,2.307496037913213,3660.5453115378696,13609.50335248265,1004,7762,5038
302,clap,224,2.3502480183341627,4487.154824393137,18128.11367061437,853,6974,5826
303,clap,28,1.4471580313422192,34468.49278041295,16602.19479377855,1081,7045,5755
304,clap,345,2.537819095073274,1782.8262992527175,13871.00952882682,813,6932,5868
305,clap,553,2.7427251313046983,2012.9039136669303,21762.81838723729,949,7351,5449
306,clap,63,1.7993405494535817,18319.696335565477,18382.837722717963,1014,7442,5358
307,clap,461,2.663700925389648,2362.54432661673,20364.536447308546,926,7651,5149
308,clap,382,2.582063362911709,2673.101135573462,16693.4358153413,879,7350,5450
309,clap,15,1.1760912590556813,100478.9306640625,25875.273861501384,1084,7172,5628
310,clap,161,2.2068258760318495,18499.15233161879,54897.291385655466,1291,5514,7286
311,clap,32,1.505149978319906,56756.927490234375,43761.340204251464,1122,5291,7509
312,clap,119,2.0755469613925306,49821.20699842437,168139.89011638024,1249,5491,7309
313,clap,132,2.12057393120585,41444.45430871212,125150.81567808952,1318,5395,7405
314,clap,45,1.6532125137753437,173887.890625,249065.82978255927,1163,4686,8114
315,clap,29,1.462397997898956,172296.8918372845,71613.49722203448,1006,5609,7191
316,clap,67,1.8260748027008264,56857.68787896455,36081.80686895826,1037,6263,6537
317,clap,24,1.380211241711606,172479.3904622396,59633.044274276916,1401,6259,6541
318,clap,29,1.462397997898956,376563.2071659483,231391.37304683944,1554,6639,6161
319,clap,23,1.3617278360175928,298819.08118206525,122091.04829206136,1200,6247,6553
320,clap,25,1.3979400086720377,392487.890625,195166.93023089482,1538,6676,6124
321,clap,26,1.414973347970818,112975.32301682692,27917.34805410492,1076,7150,5650
322,clap,34,1.5314789170422551,186758.08536305148,97903.47690237068,1251,6511,6289
323,clap,36,1.5563025007672873,231972.73763020834,169877.22973137238,1307,6192,6608
324,clap,53,1.724275869600789,121486.53080778301,93988.59178948267,1273,6592,6208
325,clap,52,1.7160033436347992,55391.37620192308,23749.803429688578,1011,6971,5829
326,clap,66,1.8195439355418688,30731.02361505682,21006.029048665587,1003,7354,5446
327,clap,34,1.5314789170422551,130074.70703125,32829.49570854832,1250,7086,5714
328,clap,45,1.6532125137753437,60496.278211805555,24277.3724891905,977,6553,6247
329,clap,37,1.568201724066995,137016.7335304054,35520.97638835486,1380,7077,5723
330,clap,37,1.568201724066995,126718.16934121621,69198.42266447988,1038,6060,6740
331,clap,43,1.6334684555795864,162159.32730741278,116396.68822181884,1089,6002,6798
332,clap,41,1.6127838567197355,87815.59641768293,57126.35925155343,1020,6027,6773
333,clap,50,1.6989700043360187,139116.97265625,117219.6318925613,1196,5919,6881
334,clap,26,1.414973347970818,225527.53155048078,57132.19690805832,1251,6642,6158
335,clap,50,1.6989700043360187,103192.59765625,56132.82810105366,1175,6539,6261
336,clap,33,1.5185139398778875,323100.02367424243,172458.00979701112,1484,6520,6280
337,clap,27,1.4313637641589874,275107.6388888889,82830.78014502268,1323,6758,6042
338,clap,29,1.462397997898956,393668.7432650862,166658.87229871925,1428,6409,6391
340,noise,108,2.03342375548695,81296.95638020833,664161.6567201454,921,1090,11710
341,noise,53,1.724275869600789,493588.5170990566,30046309.947280392,492,521,12279
342,noise,509,2.7067177823367587,9063.974436701867,918558.9199978934,718,1213,11587
343,noise,152,2.1818435879447726,13593.764455694902,337630.00305371924,734,1255,11545
344,noise,23,1.3617278360175928,106795.64368206522,530949.7472792766,658,1137,11663
345,noise,393,2.5943925503754266,5781.876192748092,458659.43313503644,817,1120,11680
346,noise,52,1.7160033436347992,46524.91173377404,518280.0913513348,728,1170,11630
347,noise,254,2.404833716619938,8020.663524237205,623194.0883250268,612,979,11821
348,noise,196,2.292256071356476,12231.084084024234,466967.6337241334,725,1164,11636
349,noise,49,1.6901960800285136,47475.18235809949,544649.3091243677,858,978,11822
350,noise,46,1.662757831681574,57637.47240149457,457268.1477789383,789,1338,11462
351,noise,263,2.419955748489758,8050.4117900427755,297908.4364396135,919,1355,11445
352,noise,65,1.8129133566428555,58607.155198317305,665697.3750398398,855,1134,11666
353,noise,5271,3.7218930162149575,1033.7061352803073,1630558.0630240487,1048,898,11902
354,noise,258,2.41161970596323,13641.200339147286,880959.4957303639,904,959,11841
355,noise,20,1.3010299956639813,152968.6767578125,636822.7053558807,1114,1165,11635
356,noise,688,2.837588438235511,4686.618538789971,568834.4946684412,874,1001,11799
357,noise,233,2.367355921026019,7859.328372284067,327444.4677833657,880,1483,11317
358,noise,137,2.1367205671564067,14717.12477189781,273562.5998919032,1049,1777,11023
359,noise,241,2.3820170425748683,14732.088587590768,594658.672903955,790,1125,11675
360,noise,114,2.0569048513364727,20941.15140145285,515443.0244493591,840,1279,11521
361,noise,9829,3.9925093350677754,866.1144635771695,5888377.567017233,697,773,12027
362,noise,237,2.374748346010104,8292.151342464398,303777.79185975133,945,1545,11255
363,noise,262,2.4183012913197452,16303.517115935114,1146875.9926668562,617,811,11989
364,noise,89,1.9493900066449128,33015.26564694523,815194.2248374419,619,870,11930
365,noise,99,1.99563519459755,27720.555160984848,658835.4084316379,589,986,11814
366,noise,139,2.143014800254095,12864.879580710432,394557.65718342207,792,1236,11564
367,noise,45,1.6532125137753437,63252.17013888889,793207.7157492429,581,933,11867
368,noise,35,1.5440680443502757,90125.28599330357,1103744.8207633835,468,762,12038
369,noise,171,2.2329961103921536,14879.009046052632,600702.7857683845,798,993,11807
370,noise,280,2.4471580313422194,7815.239606584822,486320.25866471755,713,1021,11779
371,noise,42,1.6232492903979006,81771.88546316964,647433.943549729,764,1148,11652
372,noise,173,2.2380461031287955,14816.838082550577,639573.7680045784,732,1056,11744
373,noise,149,2.173186268412274,22217.47522546141,556158.054573872,738,1102,11698
374,noise,29,1.462397997898956,129050.2340382543,687282.4014568301,769,1182,11618
375,noise,87,1.9395192526186185,46017.11229346264,1192067.6183547662,637,789,12011
376,noise,464,2.6665179805548807,11335.435538456357,1512357.1153878237,655,704,12096
377,knock,101,2.0043213737826426,22319.558323019803,29889.449020972894,663,5865,6935
378,knock,19,1.2787536009528289,128436.72902960527,36425.266642931514,739,5729,7071
379,knock,50,1.6989700043360187,39844.86328125,34632.63313787305,720,5432,7368
380,knock,50,1.6989700043360187,75409.2041015625,58976.26801091587,792,5355,7445
381,knock,48,1.6812412373755872,64570.38370768229,44304.94647231288,736,5470,7330
382,knock,61,1.7853298350107671,51301.3415727459,47271.99009076206,891,6297,6503
383,knock,47,1.6720978579357175,63263.04334275266,39288.171919181426,842,5782,7018
384,knock,59,1.7708520116421442,45971.71279131356,37015.92805506898,717,5752,7048
385,knock,49,1.6901960800285136,48209.9609375,32247.949478955303,654,5702,7098
386,knock,47,1.6720978579357175,90415.28839760639,70426.93076592885,790,5060,7740
387,knock,48,1.6812412373755872,48047.53112792969,26450.546239886244,836,6487,6313
388,knock,15,1.1760912590556813,142750.74869791666,34178.35993110126,684,5508,7292
389,knock,49,1.6901960800285136,42107.18271683674,30494.198392920727,603,5509,7291
390,knock,46,1.662757831681574,33547.57292374321,22051.793221693453,743,6203,6597
391,knock,69,1.8388490907372552,33873.697916666664,26136.357187332203,865,6680,6120
392,knock,54,1.7323937598229686,61544.54662181713,39405.1055883131,804,6116,6684
393,knock,112,2.0492180226701815,22743.848528180803,36804.76463357306,681,5439,7361
394,knock,48,1.6812412373755872,49901.92667643229,28378.76863075839,816,6440,6360
395,knock,49,1.6901960800285136,46230.13492506377,32453.202125927528,832,6445,6355
396,knock,49,1.6901960800285136,72049.61535395408,54136.74908481821,855,5675,7125
397,knock,47,1.6720978579357175,79945.92544880319,58329.546122300606,837,5886,6914
398,knock,48,1.6812412373755872,58861.348470052086,39385.58635693008,768,5925,6875
399,knock,47,1.6720978579357175,76860.4450631649,47862.85449795159,692,5446,7354
400,knock,48,1.6812412373755872,79051.31530761719,55919.34353270734,849,6322,6478
401,knock,47,1.6720978579357175,95969.16555851063,64784.74973678784,875,6270,6530
402,knock,74,1.8692317197309762,53276.76968961149,49200.71607189458,832,5901,6899
403,knock,48,1.6812412373755872,47526.631673177086,30021.711937905216,767,6217,6583
404,knock,46,1.662757831681574,120753.87440557065,94421.80381920733,888,5614,7186
405,knock,46,1.662757831681574,131668.24473505435,102383.8652438471,1022,6189,6611
406,knock,47,1.6720978579357175,117610.10222739361,82693.51645269454,867,5761,7039
407,knock,48,1.6812412373755872,99324.62565104167,67739.05909702493,959,6397,6403
408,knock,48,1.6812412373755872,141538.1062825521,146833.83805253624,891,5240,7560
409,knock,46,1.662757831681574,117992.66516644022,85261.72075982139,886,5861,6939
410,knock,47,1.6720978579357175,131867.1563331117,100764.67480152381,814,5148,7652
411,knock,49,1.6901960800285136,117034.69786352041,107361.2067473157,889,5559,7241
412,knock,47,1.6720978579357175,71625.7635887633,42080.340548257176,769,6070,6730
413,knock,48,1.6812412373755872,31962.234497070312,22769.04126777124,760,6274,6526
414,knock,47,1.6720978579357175,89074.69664228724,61623.92177816744,892,5923,6877
415,knock,48,1.6812412373755872,96949.3408203125,77612.13292726048,756,5428,7372
416,knock,49,1.6901960800285136,377553.8504464286,2021809.549516522,560,762,12038
417,knock,49,1.6901960800285136,297794.22433035716,1238144.7511649674,729,1132,11668
418,knock,50,1.6989700043360187,205516.50390625,906211.4207066089,614,1012,11788
419,knock,66,1.8195439355418688,231235.61789772726,1173380.404932501,615,938,11862
420,knock,46,1.662757831681574,515061.7357336957,1964778.7469937543,811,1040,11760
421,knock,48,1.6812412373755872,536721.1507161459,2905108.2786990697,894,1156,11644
422,knock,48,1.6812412373755872,353206.1767578125,1674123.345517297,827,1036,11764
423,knock,49,1.6901960800285136,403395.0494260204,1979775.324248494,764,1063,11737
424,knock,48,1.6812412373755872,267599.6500651042,1016928.4372629669,726,1175,11625
425,knock,47,1.6720978579357175,360591.6722074468,1291304.3636891695,728,1196,11604
426,knock,63,1.7993405494535817,221858.28993055556,1005449.0730392853,853,1221,11579
427,knock,59,1.7708520116421442,257535.3879766949,1278074.6415140321,766,1054,11746
428,knock,49,1.6901960800285136,363639.42920918367,1515370.1781664104,761,1139,11661
429,knock,56,1.7481880270062005,363841.30859375,1800121.8386899694,747,1056,11744
430,knock,20,1.3010299956639813,341817.333984375,638260.5693837735,670,1143,11657
431,knock,47,1.6720978579357175,314351.9988364362,1075967.3839403887,739,1114,11686
432,knock,47,1.6720978579357175,523531.41622340423,1862133.0695491317,854,1112,11688
433,knock,48,1.6812412373755872,228791.34114583334,857155.2117729358,790,1219,11581
434,knock,48,1.6812412373755872,487259.6435546875,2053105.6291787408,828,1058,11742
435,knock,48,1.6812412373755872,366015.380859375,1461766.5737464554,716,1013,11787
436,knock,54,1.7323937598229686,252183.43098958334,1053614.8125911541,669,1076,11724
437,knock,48,1.6812412373755872,433232.3811848958,1965867.8165219906,762,1035,11765
438,knock,49,1.6901960800285136,451474.4499362245,2299513.558848534,805,990,11810
439,knock,47,1.6720978579357175,424964.5113031915,1638707.0476293638,732,1038,11762
440,knock,47,1.6720978579357175,431958.7350398936,1457349.2593824484,749,1103,11697
441,knock,15,1.1760912590556813,1599408.7239583333,2096780.793277141,774,1013,11787
442,knock,116,2.0644579892269186,164049.63631465516,1473287.2747793857,764,1096,11704
443,knock,49,1.6901960800285136,320777.94164540817,1123515.44004926,904,1414,11386
444,knock,46,1.662757831681574,511356.27547554346,1997682.5944893018,803,1070,11730
445,knock,49,1.6901960800285136,397680.08609693876,1614893.53855688,789,1129,11671
446,knock,48,1.6812412373755872,321753.7027994792,1305545.3819542201,804,1074,11726
447,knock,47,1.6720978579357175,510449.63430851063,2290535.0807022555,690,899,11901
448,knock,47,1.6720978579357175,378983.9178856383,1314927.5536673071,807,1194,11606
449,knock,47,1.6720978579357175,478198.4291888298,1899976.5058338046,858,1134,11666
450,knock,65,1.8129133566428555,177382.55709134616,1265720.307213168,749,1008,11792
451,knock,49,1.6901960800285136,263629.2649872449,1094015.831650964,683,1106,11694
452,knock,48,1.6812412373755872,423847.3714192708,2045108.2582385326,815,1124,11676
453,knock,48,1.6812412373755872,401272.6236979167,1494733.4982373153,831,1198,11602
454,knock,48,1.6812412373755872,390873.046875,1466993.191249207,763,1044,11756
455,knock,48,1.6812412373755872,319724.50764973956,1149493.0900302788,701,984,11816
456,knock,48,1.6812412373755872,342299.2757161458,1178812.109893729,758,1155,11645
457,knock,47,1.6720978579357175,446724.3600398936,1805800.4387565341,741,1014,11786
458,knock,47,1.6720978579357175,613290.7662898937,2575996.4127656035,740,931,11869
459,knock,48,1.6812412373755872,436402.9947916667,1547200.0730043722,873,1301,11499
460,knock,47,1.6720978579357175,521200.0083111702,1986080.7721057548,697,926,11874
461,knock,48,1.6812412373755872,448831.787109375,1709222.0922858883,792,1151,11649
462,knock,17,1.2304489213782739,1131572.8400735294,1558523.0313988284,787,1071,11729
463,knock,44,1.6434526764861874,307874.7336647727,5437413.604679295,636,372,12428
464,knock,168,2.225309281725863,103483.49144345238,7229466.351445546,696,346,12454
465,knock,253,2.403120521175818,89823.47764328064,6745793.256061868,845,411,12389
466,knock,448,2.651278013998144,34998.03815569197,5577912.87121958,778,429,12371
467,knock,218,2.3384564936046046,75131.30733944954,6168114.634867689,745,430,12370
468,knock,24,1.380211241711606,762771.8912760416,5540926.706744978,769,418,12382
469,knock,251,2.399673721481038,56213.155191733065,5421582.012561159,702,379,12421
470,knock,218,2.3384564936046046,72861.7133744266,5473928.190641985,595,310,12490
471,knock,44,1.6434526764861874,437771.484375,6487435.630604884,826,397,12403
472,knock,16,1.2041199826559248,1256120.9716796875,6418513.622918064,808,400,12400
473,knock,293,2.4668676203541096,70282.28322312287,7056120.9206830645,795,412,12388
474,knock,409,2.611723308007342,57982.60333893643,7088420.158290812,765,426,12374
475,knock,330,2.5185139398778875,88614.14535984848,10495205.185464364,676,329,12471
476,knock,250,2.3979400086720375,102366.3984375,9584710.177023502,724,367,12433
477,knock,90,1.954242509439325,218381.68402777778,7448011.3753004,682,377,12423
478,knock,42,1.6232492903979006,571545.7124255953,8306164.117140835,730,395,12405
479,knock,146,2.164352855784437,122582.59310787672,6376490.250603064,867,492,12308
480,knock,323,2.509202522331103,76695.57251354489,9131949.569097705,882,446,12354
481,knock,408,2.61066016308988,47043.385225183825,6110361.9773729835,712,396,12404
482,knock,90,1.954242509439325,263309.13628472225,6251261.714239734,870,482,12318
483,knock,212,2.326335860928751,110092.16538915095,9199426.268012635,870,419,12381
484,knock,91,1.9590413923210936,221606.3701923077,6147194.254817435,623,351,12449
485,knock,227,2.3560258571931225,77488.80609856828,6714223.4631720055,714,391,12409
486,knock,292,2.4653828514484184,70756.68209546233,6202211.357195523,723,373,12427
487,knock,45,1.6532125137753437,439038.1076388889,6032377.54425495,830,445,12355
